 32  16  19  57  34  
 47  02  63  62  11  
 42  15  06  05  29  
 12  61  54  38  36  
 65  40  44  59  27  
 67  16  63  38  55  
 30  68  59  41  28  
 09  42  10  55  32  
 62  02  30  19  14  
 16  46  10  56  07  
 47  33  68  27  13  
 14  18  19  64  32  
 47  02  66  67  06  
 53  16  69  58  29  
 37  57  47  50  52  
 40  17  46  69  41  
 66  37  22  14  45  
 26  04  32  55  64  
 50  53  07  16  25  
 12  02  17  20  65  
 09  47  20  25  68  
 56  62  54  63  04  
 20  31  56  64  60  
 57  32  30  42  56  
 57  62  69  49  48  
 20  15  31  40  29  
 27  68  12  43  29  
 52  40  48  18  30  
 33  06  46  44  26  
 40  59  21  39  55  
 23  57  42  31  50  
 08  29  51  58  41  
 12  43  17  26  48  
 07  05  39  24  31  
 35  03  16  02  13  
 50  44  45  51  47  
 29  10  18  16  45  
 17  46  22  30  56  
 25  18  29  21  28  
 22  56  02  45  32  
 12  14  21  04  55  
 06  43  48  50  08  
 03  17  13  52  42  
 29  38  08  13  52  
 34  48  54  52  09  
 42  14  09  16  11  
 13  07  49  24  57  
 04  52  22  27  28  
 27  44  41  29  34  
 31  12  57  44  43  
 39  06  37  45  55  
 45  34  13  50  16  
 46  39  52  11  54  
 30  27  25  15  04  
 24  18  06  03  14  
 24  41  31  26  07  
 35  18  46  49  28  
 05  10  03  22  32  
 20  16  10  57  09  
 22  20  21  54  41  
 41  29  52  54  48  
 49  32  31  53  48  
 18  43  13  08  27  
 06  40  37  13  08  
 57  25  08  56  09  
 08  15  59  34  53  
 31  09  43  17  15  
 12  01  44  28  35  
 48  24  38  52  29  
 31  29  01  47  25  
 58  04  17  35  15  
 24  41  39  23  27  
 02  31  06  11  30  
 26  01  38  34  51  
 45  21  35  33  38  
 25  10  14  39  53  
 31  22  13  23  29  
 01  21  29  16  40  
 58  01  32  42  12  
 01  19  45  58  46  
 41  33  39  54  40  
 44  39  30  33  02  
 38  02  12  04  06  
 54  23  19  07  50  
 30  38  16  11  42  
 30  47  33  25  14  
 46  47  08  14  39  
 24  44  31  11  40  
 50  42  36  38  34  
 08  35  15  12  50  
 25  28  11  17  46  
 39  17  21  32  19  
 18  51  14  34  10  
 29  01  49  09  32  
 44  45  01  24  51  
 25  11  54  13  39  
 34  58  05  21  10  
 51  52  36  24  56  
 16  05  50  11  26  
 49  24  12  36  35  
 19  16  20  33  29  
 57  12  28  15  11  
 15  27  23  36  16  
 10  04  53  02  41  
 19  09  29  02  28  
 47  49  59  15  14  
 04  43  46  55  18  
 40  27  17  53  37  
 36  14  10  11  07  
 46  11  12  47  50  
 19  15  56  31  14  
 47  31  48  38  22  
 05  13  43  55  28  
 48  34  55  44  54  
 43  22  49  15  12  
 54  30  32  46  25  
 13  30  24  42  48  
 46  17  22  16  54  
 54  53  23  57  49  
 38  06  36  48  51  
 35  16  33  51  13  
 55  37  39  52  51  
 09  33  19  38  54  
 19  02  11  21  42  
 01  38  25  13  03  
 48  28  59  25  57  
 54  57  51  06  10  
 40  42  30  29  50  
 36  20  54  27  26  
 05  07  28  27  19  
 37  39  38  19  10  
 46  50  16  31  05  
 13  33  18  24  25  
 20  01  45  18  04  
 54  11  52  35  02  
 07  14  24  41  21  
 23  22  30  39  37  
 36  18  25  50  48  
 37  06  01  53  16  
 14  39  02  40  43  
 29  43  31  50  09  
 43  02  51  45  16  
 05  52  28  59  31  
 24  17  45  46  26  
 52  28  36  32  35  
 21  40  08  38  04  
 07  08  17  59  48  
 37  08  40  52  39  
 34  12  31  51  03  
 49  01  08  24  28  
 12  46  44  47  26  
 49  13  30  53  42  
 38  39  28  24  30  
 22  12  04  31  10  
 10  53  17  25  45  
 05  32  26  18  15  
 23  07  02  03  51  
 09  55  42  25  57  
 34  58  24  36  57  
 58  18  53  08  45  
 56  08  12  43  34  
 50  53  10  20  25  
 41  06  54  05  37  
 06  52  59  29  09  
 33  54  42  09  45  
 14  25  33  18  49  
 58  30  35  28  59  
 22  07  01  10  49  
 34  15  48  27  31  
 24  02  28  32  59  
 55  15  49  16  28  
 20  34  58  04  39  
 32  23  47  39  49  
 55  07  52  33  39  
 41  47  55  31  04  
 48  31  17  49  29  
 15  05  46  49  16  
 09  02  19  50  11  
 30  03  22  07  33  
 29  48  36  19  25  
 35  06  51  05  29  
 42  34  59  39  44  
 26  45  14  55  54  
 49  14  48  09  44  
 26  11  21  34  33  
 19  22  13  53  08  
 03  12  27  38  02  
 33  41  59  44  28  
 55  13  28  58  31  
 34  23  43  19  02  
 34  05  51  02  58  
 28  54  14  15  37  
 14  24  32  41  10  
 26  03  09  07  54  
 03  08  25  47  30  
 42  11  12  38  17  
 13  02  54  14  03  
 17  49  54  35  01  
 09  23  02  14  21  
 52  49  36  57  44  
 54  37  34  25  24  
 08  57  17  59  32  
 12  15  38  05  27  
 47  23  11  28  32  
 57  08  55  12  18  
 55  02  07  01  09  
 38  14  13  19  31  
 29  08  09  07  24  
 54  15  48  33  10  
 39  28  58  47  10  
 19  58  37  20  41  
 52  48  15  24  40  
 56  51  35  44  08  
 38  56  28  39  23  
 36  51  45  25  40  
 39  07  40  24  37  
 33  41  25  14  32  
 10  18  19  01  13  
 45  13  48  32  20  
 09  06  11  44  31  
 26  05  45  44  57  
 57  25  18  55  50  
 12  52  55  43  05  
 32  04  45  23  18  
 29  37  59  10  44  
 31  05  55  50  56  
 37  56  03  49  09  
 49  01  05  10  15  
 27  40  13  23  24  
 54  02  49  36  40  
 56  06  04  34  49  
 47  34  23  31  03  
 33  09  56  54  57  
 03  42  26  34  28  
 10  58  26  57  08  
 09  38  03  33  19  
 11  39  40  17  12  
 06  51  42  04  25  
 47  53  14  52  54  
 49  07  17  53  02  
 58  54  45  17  12  
 07  10  35  32  22  
 01  25  44  17  37  
 19  33  42  52  11  
 02  22  19  45  26  
 02  45  26  09  47  
 40  25  07  56  02  
 32  19  07  09  06  
 45  17  59  12  25  
 30  48  42  46  40  
 18  54  56  21  46  
 17  43  11  04  51  
 37  58  14  04  12  
 58  05  25  59  30  
 24  36  21  45  42  
 08  24  59  39  49  
 58  53  40  23  09  
 44  29  54  40  09  
 14  27  58  25  38  
 22  01  42  38  34  
 08  37  02  35  22  
 55  45  31  30  59  
 52  02  36  35  13  
 40  06  51  29  03  
 28  08  56  53  30  
 01  46  39  33  18  
 33  57  19  23  13  
 57  47  46  52  07  
 48  55  28  40  36  
 22  16  42  23  55  
 02  26  11  32  22  
 04  36  26  33  55  
 33  53  59  22  28  
 49  14  09  17  57  
 27  21  19  06  02  
 31  35  41  09  57  
 22  10  13  14  52  
 02  34  11  41  26  
 06  23  19  43  13  
 21  57  26  22  30  
 26  36  40  07  12  
 31  22  55  26  54  
 55  54  48  23  03  
 09  59  31  56  19  
 06  39  08  30  48  
 58  18  48  13  36  
 10  57  31  12  56  
 40  01  52  36  53  
 39  29  04  08  07  
 35  08  12  01  06  
 23  46  11  26  55  
 43  48  07  37  52  
 29  53  52  17  31  
 43  17  14  13  54  
 44  53  07  21  03  
 38  09  32  28  05  
 46  52  37  10  40  
 45  10  06  23  41  
 56  13  08  41  03  
 48  20  14  34  03  
 41  31  39  02  05  
 25  03  32  17  19  
 58  16  15  46  50  
 12  43  27  25  23  
 58  36  16  06  05  
 36  38  05  27  41  
 41  33  16  40  11  
 47  16  14  32  52  
 22  49  41  26  03  
 24  43  11  12  45  
 29  08  28  34  38  
 51  21  32  28  09  
 47  21  23  14  10  
 11  20  13  27  59  
 30  49  54  26  51  
 20  18  53  28  35  
 55  52  46  50  36  
 54  43  13  11  23  
 18  44  35  39  01  
 23  20  05  30  08  
 40  23  44  55  15  
 36  25  44  08  10  
 23  40  53  26  07  
 27  19  38  13  17  
 46  10  03  19  36  
 05  23  16  22  29  
 22  32  37  44  50  
 24  30  08  18  39  
 15  59  27  58  03  
 44  10  58  08  30  
 55  32  50  54  42  
 32  45  34  52  58  
 54  04  07  09  30  
 45  31  01  48  27  
 34  56  36  32  22  
 18  50  23  03  21  
 04  28  31  44  21  
 42  23  10  07  01  
 05  02  26  25  49  
 35  18  43  29  26  
 36  59  26  15  34  
 55  23  17  59  36  
 57  14  29  18  28  
 41  26  42  13  39  
 40  42  18  16  02  
 50  01  08  39  05  
 43  26  03  20  48  
 48  56  24  36  33  
 34  44  20  48  06  
 42  04  26  51  19  
 08  44  21  11  49  
 49  54  28  25  56  
 07  20  06  01  49  
 47  31  22  29  55  
 55  41  26  14  59  
 56  27  46  06  51  
 51  13  46  39  04  
 07  15  03  11  28  
 55  30  53  48  19  
 58  03  56  48  16  
 06  50  05  36  13  
 14  03  46  38  35  
 09  54  38  56  31  
 05  02  57  23  20  
 04  46  16  37  32  
 05  36  49  55  22  
 05  03  29  59  39  
 35  19  14  39  56  
 20  07  15  41  44  
 58  34  06  46  40  
 44  01  53  03  41  
 17  11  29  56  57  
 14  16  27  15  08  
 14  57  33  10  07  
 56  45  57  22  18  
 59  48  19  33  30  
 17  45  10  29  09  
 10  56  09  24  52  
 49  59  13  41  14  
 59  07  53  26  04  
 46  13  08  51  35  
 21  43  28  03  07  
 35  24  58  53  10  
 56  07  01  11  55  
 12  59  44  20  09  
 07  33  50  38  08  
 57  40  58  31  39  
 29  43  25  04  34  
 08  42  51  20  06  
 22  39  49  46  20  
 15  16  19  14  24  
 44  42  16  47  23  
 13  30  05  20  17  
 33  24  49  45  01  
 14  05  58  54  36  
 50  58  16  29  11  
 15  37  35  01  47  
 32  43  53  55  56  
 11  55  58  14  49  
 01  08  59  46  41  
 05  41  20  14  17  
 45  35  47  46  12  
 47  30  29  49  45  
 26  01  11  04  23  
 54  11  06  42  53  
 17  39  16  07  51  
 23  50  28  59  56  
 12  11  32  56  52  
 37  52  10  01  57  
 38  51  17  28  39  
 23  56  43  45  15  
 08  13  59  17  34  
 41  54  59  33  05  
 28  19  29  47  04  
 44  12  43  24  45  
 50  34  29  06  44  
 41  30  10  36  38  
 47  05  29  45  19  
 03  24  38  21  39  
 50  35  21  47  46  
 05  25  40  23  28  
 16  27  45  41  21  
 52  51  16  14  30  
 31  15  13  54  10  
 59  28  51  13  49  
 46  52  24  56  02  
 33  41  04  19  59  
 39  20  14  40  03  
 18  05  33  43  45  
 47  06  02  34  35  
 55  20  37  45  39  
 30  35  57  04  59  
 16  09  17  28  30  
 22  25  39  13  51  
 56  04  35  51  36  
 58  59  35  05  57  
 43  39  02  33  40  
 12  39  14  46  34  
 11  40  16  51  56  
 39  21  01  18  55  
 08  03  23  30  58  
 26  35  16  52  58  
 38  24  05  10  43  
 43  10  12  23  47  
 35  03  37  27  45  
 46  07  43  54  20  
 27  43  12  23  01  
 41  51  30  50  53  
 27  12  03  04  44  
 47  52  55  48  12  
 43  22  06  20  32  
 16  50  42  59  41  
 32  53  22  04  19  
 54  03  05  27  18  
 15  52  25  53  54  
 19  35  57  47  13  
 02  54  12  58  25  
 49  53  13  09  47  
 23  02  47  28  17  
 31  28  48  18  52  
 35  09  50  12  58  
 46  41  36  18  11  
 57  59  54  25  30  
 49  19  13  28  21  
 55  20  40  47  41  
 40  51  59  41  38  
 38  01  48  27  07  
 40  42  38  01  04  
 28  48  54  24  50  
 54  18  08  19  32  
 31  09  23  01  11  
 55  50  24  11  15  
 11  29  01  51  18  
 30  24  57  59  45  
 18  39  57  36  41  
 59  12  46  19  15  
 22  38  21  12  41  
 41  43  20  19  38  
 50  16  18  36  27  
 53  37  14  44  45  
 17  58  39  19  41  
 56  38  46  08  18  
 43  12  20  51  55  
 50  04  31  42  23  
 08  49  02  40  50  
 07  12  42  49  13  
 40  18  17  08  44  
 43  32  09  45  17  
 11  55  47  02  27  
 15  41  29  27  03  
 41  15  06  13  32  
 40  44  55  24  04  
 58  11  03  48  47  
 09  24  43  34  36  
 21  55  33  45  44  
 04  49  39  50  23  
 53  05  56  14  32  
 56  18  55  10  41  
 43  22  34  06  45  
 58  56  20  19  42  
 10  04  11  33  19  
 15  28  05  26  32  
 11  20  46  27  03  
 53  28  48  39  40  
 04  41  01  12  47  
 12  20  28  40  48  
 42  31  23  48  02  
 50  58  07  31  51  
 04  45  21  17  13  
 32  36  39  29  49  
 12  34  03  42  37  
 23  48  21  09  13  
 32  52  36  48  11  
 51  39  42  11  07  
 15  41  59  37  56  
 33  57  53  03  14  
 28  45  24  52  49  
 04  47  58  05  36  
 34  30  51  31  45  
 36  51  56  22  59  
 22  13  09  37  23  
 48  23  40  21  19  
 07  52  06  33  26  
 40  22  32  26  38  
 37  47  18  22  54  
 18  37  20  16  03  
 52  50  01  38  17  
 33  11  44  47  46  
 43  19  04  11  33  
 32  18  45  10  11  
 01  08  19  10  20  
 25  08  11  58  41  
 27  24  42  31  13  
 10  05  12  11  20  
 47  37  30  54  10  
 20  08  21  37  32  
 12  10  38  53  57  
 14  59  54  53  16  
 30  51  17  48  54  
 05  08  44  40  11  
 07  12  23  34  38  
 34  45  38  39  50  
 49  07  27  01  36  
 25  24  20  59  53  
 20  02  46  07  16  
 20  39  07  17  59  
 28  16  12  11  15  
 46  34  32  22  12  
 42  32  49  06  02  
 26  41  14  37  46  
 30  12  36  20  47  
 52  13  55  44  51  
 08  35  27  16  42  
 10  36  52  24  55  
 18  44  01  39  37  
 07  20  21  34  43  
 36  20  59  17  07  
 10  57  51  35  39  
 33  22  42  14  11  
 40  20  21  17  51  
 32  56  04  27  22  
 17  36  29  16  31  
 07  22  10  27  12  
 47  04  33  32  55  
 58  50  36  09  33  
 22  52  10  23  07  
 52  26  31  22  04  
 53  30  19  37  28  
 01  57  16  41  17  
 01  11  20  27  25  
 59  30  46  38  20  
 16  58  22  30  51  
 27  37  22  45  35  
 21  23  38  20  42  
 28  21  20  56  27  
 10  41  44  56  48  
 52  53  03  14  10  
 38  43  06  48  47  
 57  30  13  38  32  
 48  11  45  30  47  
 54  31  09  30  50  
 29  18  11  36  08  
 38  13  12  09  35  
 22  49  27  14  32  
 18  34  40  59  48  
 39  14  43  09  04  
 24  03  28  01  41  
 06  20  10  01  13  
 20  19  47  57  40  
 07  58  55  29  02  
 28  15  36  23  21  
 52  58  53  37  51  
 41  05  57  34  22  
 47  13  34  40  57  
 23  25  16  49  58  
 28  44  12  22  25  
 57  56  01  53  12  
 11  34  55  41  49  
 22  41  49  21  05  
 14  06  32  52  38  
 21  22  52  49  58  
 36  52  44  04  40  
 15  59  52  10  31  
 13  45  54  05  17  
 21  07  32  52  44  
 14  49  39  24  20  
 09  36  44  45  39  
 55  26  48  45  24  
 16  36  20  06  31  
 41  37  17  50  21  
 41  33  10  59  29  
 14  49  09  07  45  
 47  18  58  53  51  
 50  17  57  35  04  
 13  54  41  37  27  
 36  07  26  08  19  
 14  10  40  51  30  
 29  08  37  38  05  
 22  54  52  14  59  
 37  52  22  36  17  
 26  35  48  47  06  
 15  26  31  06  20  
 53  16  15  42  20  
 46  15  43  44  32  
 41  08  07  55  23  
 32  15  08  11  50  
 41  44  20  54  50  
 56  27  29  20  58  
 23  03  07  42  27  
 05  52  14  38  39  
 53  41  36  32  37  
 52  08  49  51  32  
 24  41  17  47  39  
 23  43  25  35  13  
 14  41  12  13  35  
 58  12  05  01  13  
 41  58  27  39  44  
 37  46  14  34  55  
 46  50  27  28  26  
 18  13  04  59  49  
 26  36  07  49  58  
 58  59  32  50  42  
 57  30  19  48  32  
 12  08  22  29  14  
 32  37  46  50  07  
 51  10  45  11  14  
 19  26  54  41  02  
 51  46  26  03  11  
 38  22  59  49  14  
 34  51  45  06  16  
 16  05  49  30  25  
 15  30  05  40  25  
 45  49  50  13  32  
 02  50  38  21  20  
 50  57  24  12  48  
 52  54  41  42  57  
 34  20  36  39  18  
 07  08  29  20  25  
 25  24  49  30  05  
 17  56  37  40  51  
 13  28  56  41  38  
 16  18  51  53  04  
 35  27  16  09  57  
 23  47  36  18  59  
 01  53  20  37  52  
 43  23  01  21  30  
 06  51  03  20  32  
 43  14  31  51  24  
 14  26  32  15  36  
 32  10  25  47  34  
 45  37  50  33  04  
 34  25  41  49  46  
 53  37  46  39  05  
 38  02  43  05  59  
 33  05  52  46  17  
 06  22  04  16  32  
 21  26  47  04  28  
 26  50  57  52  51  
 39  01  04  42  20  
 50  56  42  53  19  
 22  04  41  44  09  
 38  53  09  52  32  
 48  39  26  18  22  
 53  24  51  16  18  
 28  22  03  11  18  
 53  09  37  05  42  
 20  41  13  35  16  
 26  42  58  27  15  
 45  10  23  30  18  
 22  20  32  16  37  
 51  42  01  59  23  
 05  16  06  21  12  
 52  19  57  34  23  
 23  30  42  35  31  
 06  07  40  56  31  
 30  40  37  32  19  
 49  32  04  15  58  
 12  07  22  31  08  
 45  20  38  42  03  
 06  36  50  19  59  
 52  42  30  08  26  
 30  15  48  22  37  
 07  28  44  43  15  
 59  22  26  16  27  
 46  49  07  35  28  
 52  56  01  06  48  
 21  57  58  14  50  
 02  33  41  54  09  
 48  02  16  41  03  
 23  47  10  20  54  
 49  27  23  52  19  
 16  29  26  45  41  
 07  44  33  30  51  
 13  07  47  03  34  
 59  27  56  28  21  
 06  01  44  55  49  
 03  58  16  20  42  
 32  49  42  56  17  
 31  46  13  45  41  
 44  15  56  39  02  
 33  08  45  09  02  
 05  22  45  49  10  
 18  53  05  28  20  
 24  44  30  32  07  
 33  26  14  41  01  
 10  32  18  05  23  
 06  37  42  20  25  
 26  20  54  46  38  
 09  05  59  23  02  
 46  34  25  08  39  
 08  56  10  18  43  
 31  52  23  33  38  
 38  22  55  24  17  
 11  53  08  07  17  
 12  43  15  31  26  
 17  02  32  22  41  
 03  19  32  54  14  
 11  07  30  24  18  
 40  14  28  26  31  
 37  06  41  24  15  
 53  09  39  43  35  
 17  21  25  16  55  
 05  55  33  39  36  
 11  31  52  26  34  
 19  32  26  45  17  
 08  45  13  39  38  
 07  44  08  12  03  
 18  45  25  01  29  
 40  36  04  21  02  
 18  33  36  04  08  
 40  04  41  06  26  
 37  50  20  30  52  
 48  01  03  38  14  
 17  52  10  33  51  
 40  10  14  32  49  
 03  13  38  32  48  
 39  03  17  47  07  
 48  12  54  17  02  
 39  04  32  01  26  
 43  39  08  09  55  
 40  24  13  29  52  
 32  36  13  21  05  
 47  30  40  28  06  
 12  26  32  23  44  
 29  17  07  51  43  
 37  28  15  53  14  
 26  54  49  25  17  
 49  38  40  46  50  
 14  32  47  02  15  
 13  49  31  48  36  
 47  33  18  48  24  
 15  24  47  35  16  
 05  43  34  52  40  
 31  10  05  23  19  
 53  40  32  49  43  
 24  37  05  36  51  
 05  28  33  02  54  
 25  55  03  51  45  
 51  55  21  12  13  
 52  11  14  35  41  
 55  46  53  06  28  
 03  23  15  42  29  
 20  50  12  02  22  
 05  31  07  49  53  
 24  47  34  01  48  
 46  33  52  48  04  
 26  32  14  34  44  
 53  45  14  21  25  
 08  07  50  31  09  
 52  09  31  39  12  
 50  31  09  20  11  
 07  49  18  28  21  
 26  44  34  12  48  
 18  05  52  40  20  
 09  17  03  14  25  
 18  45  22  10  37  
 40  33  51  52  41  
 21  33  42  07  16  
 12  21  14  15  43  
 46  29  21  32  19  
 30  07  18  45  41  
 42  26  25  28  09  
 28  02  36  46  42  
 25  51  43  17  01  
 27  45  07  12  17  
 22  39  21  20  11  
 24  13  19  39  33  
 21  18  11  16  51  
 52  11  55  48  29  
 46  13  32  03  19  
 30  47  27  12  37  
 37  01  55  44  34  
 18  36  31  25  20  
 20  37  49  09  12  
 48  46  28  25  07  
 29  06  08  49  41  
 06  42  43  47  22  
 30  12  34  19  36  
 29  49  17  34  31  
 10  15  23  16  31  
 31  21  19  02  55  
 37  48  53  20  24  
 23  29  08  13  47  
 20  09  36  22  12  
 03  49  04  20  08  
 32  13  38  51  19  
 24  04  23  43  30  
 03  43  05  42  12  
 14  44  25  26  16  
 55  02  17  41  54  
 39  53  35  11  54  
 48  47  35  04  16  
 28  20  23  25  27  
 09  18  47  38  19  
 47  53  43  23  39  
 02  20  13  23  21  
 33  11  16  04  40  
 31  34  48  11  02  
 08  12  49  17  35  
 55  32  08  54  41  
 34  10  38  05  11  
 22  15  42  18  23  
 47  22  37  48  50  
 07  40  55  33  14  
 31  08  29  25  04  
 08  55  21  15  01  
 41  32  39  55  07  
 23  39  08  32  37  
 07  01  23  35  13  
 13  11  20  03  40  
 53  52  49  27  17  
 16  30  20  18  48  
 06  26  30  24  22  
 46  22  35  52  29  
 01  38  40  53  31  
 29  18  06  37  16  
 13  25  30  40  43  
 10  52  11  49  18  
 40  10  11  37  54  
 46  15  42  19  14  
 21  34  36  30  49  
 31  54  33  16  12  
 33  32  51  08  30  
 02  04  15  28  14  
 38  55  33  31  49  
 27  54  25  31  44  
 04  09  18  55  43  
 26  25  20  46  45  
 51  48  16  13  27  
 47  05  24  26  33  
 12  30  07  48  28  
 48  30  21  20  11  
 19  39  23  37  12  
 33  47  13  16  44  
 23  29  35  08  02  
 12  37  48  40  50  
 15  12  31  28  50  
 19  51  24  22  38  
 37  01  11  10  40  
 52  21  09  16  30  
 27  24  02  36  23  
 16  52  09  23  51  
 19  24  47  27  15  
 28  35  47  40  53  
 46  39  30  14  43  
 09  42  14  40  03  
 01  36  30  34  21  
 43  42  20  29  08  
 47  21  41  15  27  
 17  49  15  01  02  
 38  39  47  24  46  
 09  13  11  24  43  
 27  43  14  15  53  
 32  31  55  37  23  
 08  47  04  51  32  
 47  28  13  30  10  
 10  07  32  25  41  
 45  14  48  05  09  
 02  36  22  32  47  
 55  07  54  23  35  
 21  05  46  01  51  
 38  24  03  11  36  
 26  19  45  21  03  
 42  07  16  06  34  
 30  51  53  44  46  
 44  02  52  30  13  
 29  21  13  40  50  
 40  01  08  47  35  
 16  43  46  49  22  
 14  12  13  17  53  
 45  26  28  22  33  
 13  10  24  12  06  
 12  49  21  36  38  
 42  51  06  38  15  
 28  55  54  02  31  
 39  19  53  30  40  
 36  05  02  16  40  
 47  06  35  20  37  
 53  38  40  10  48  
 53  38  24  54  16  
 17  47  44  07  54  
 44  04  27  30  39  
 42  18  43  34  14  
 18  16  46  19  13  
 16  22  05  01  48  
 41  20  13  42  53  
 42  55  38  54  36  
 08  02  29  22  37  
 35  01  15  37  45  
 03  30  26  54  55  
 41  11  16  42  02  
 22  04  28  37  52  
 13  20  33  42  12  
 48  42  02  25  15  
 10  26  19  32  27  
 53  29  09  42  19  
 01  38  05  26  32  
 52  35  16  49  50  
 21  01  26  23  25  
 45  54  42  53  36  
 24  40  01  50  49  
 12  55  24  35  10  
 31  28  23  09  36  
 14  29  16  27  41  
 27  43  53  08  52  
 06  26  14  01  34  
 28  17  36  05  51  
 33  32  19  54  42  
 52  22  19  34  30  
 38  36  35  07  34  
 42  34  50  45  17  
 02  09  12  08  19  
 55  49  28  05  18  
 22  49  32  36  55  
 42  36  19  01  08  
 11  28  43  30  34  
 40  49  38  35  55  
 12  53  08  11  26  
 44  13  34  12  39  
 46  54  13  07  08  
 38  22  41  30  14  
 16  40  43  48  42  
 45  55  29  09  31  
 41  02  24  34  48  
 26  15  01  17  40  
 38  10  35  05  12  
 04  31  45  03  08  
 39  27  07  03  40  
 30  32  15  39  06  
 49  23  33  35  28  
 21  45  26  13  50  
 54  08  07  29  17  
 26  42  27  07  08  
 15  47  19  45  26  
 20  47  03  22  19  
 27  35  21  55  02  
 24  28  03  49  08  
 35  03  19  43  33  
 26  24  42  38  46  
 17  08  51  24  38  
 12  51  29  22  26  
 22  02  13  50  48  
 14  54  27  18  13  
 52  19  43  41  16  
 48  50  03  09  02  
 24  19  10  16  13  
 14  39  55  19  26  
 10  05  24  17  43  
 40  47  14  55  54  
 44  50  02  38  32  
 36  20  47  50  35  
 31  33  30  18  19  
 50  44  49  32  37  
 26  52  39  41  53  
 40  35  42  02  31  
 45  51  08  16  02  
 39  08  47  11  30  
 11  19  22  43  45  
 39  48  20  22  10  
 04  40  14  48  15  
 36  54  24  26  16  
 20  10  04  26  40  
 20  05  18  50  06  
 49  22  20  43  10  
 41  06  27  23  47  
 03  12  47  51  02  
 23  02  09  44  45  
 15  26  24  35  17  
 30  54  19  47  28  
 04  03  11  44  37  
 38  12  32  23  25  
 38  19  06  42  04  
 19  40  35  30  41  
 55  26  48  24  12  
 04  06  27  05  18  
 32  53  34  05  28  
 46  23  13  28  18  
 34  41  26  35  16  
 35  04  43  44  23  
 29  39  09  24  03  
 55  10  50  01  23  
 24  28  54  02  14  
 20  37  34  45  39  
 45  38  23  22  18  
 25  01  36  42  34  
 36  48  54  07  12  
 54  37  35  52  16  
 05  07  21  01  43  
 13  52  22  55  27  
 25  10  35  41  38  
 51  03  48  46  37  
 47  53  23  55  09  
 44  48  15  43  17  
 39  35  03  13  40  
 38  07  51  40  52  
 48  32  25  14  54  
 38  30  04  13  12  
 13  30  55  11  35  
 26  15  28  36  14  
 52  37  50  43  10  
 54  18  03  39  43  
 53  38  15  29  52  
 49  14  06  46  40  
 18  14  03  17  06  
 02  21  43  32  16  
 23  10  48  54  42  
 43  04  46  30  37  
 12  46  15  54  30  
 04  10  34  50  33  
 23  43  12  16  09  
 24  44  53  36  46  
 45  15  08  16  51  
 45  34  42  03  21  
 45  30  54  41  19  
 02  26  42  15  37  
 42  23  19  27  52  
 34  28  53  37  45  
 24  25  09  27  12  
 15  54  20  41  08  
 05  20  44  21  18  
 48  41  17  55  37  
 05  49  14  13  31  
 37  25  50  29  07  
 41  14  06  11  27  
 41  50  22  19  14  
 43  39  02  42  10  
 36  06  53  51  07  
 49  21  44  07  43  
 34  01  07  08  45  
 54  51  09  18  04  
 26  31  35  50  46  
 25  30  45  02  15  
 18  54  38  08  45  
 07  22  27  48  50  
 02  10  43  55  31  
 35  28  34  03  50  
 49  52  05  09  27  
 24  50  21  42  49  
 10  11  08  48  50  
 32  50  12  40  54  
 30  03  31  01  43  
 17  19  13  50  41  
 08  39  31  44  22  
 35  09  26  11  51  
 27  13  28  29  49  
 08  43  53  30  03  
 02  37  43  18  01  
 31  13  49  38  36  
 09  01  19  36  53  
 39  05  24  19  28  
 14  38  35  08  46  
 04  13  10  29  01  
 28  13  20  32  16  
 51  07  32  39  06  
 50  33  32  41  08  
 05  23  43  04  13  
 53  39  08  09  47  
 12  25  48  02  30  
 29  09  10  52  39  
 42  08  49  22  03  
 28  32  40  07  31  
 13  51  42  23  09  
 10  05  24  16  08  
 39  20  22  14  44  
 03  46  10  24  14  
 36  10  43  40  42  
 16  44  07  38  48  
 34  50  39  42  15  
 39  24  05  28  07  
 29  46  27  31  42  
 07  30  05  10  02  
 17  07  20  13  35  
 49  21  29  38  52  
 46  49  05  48  25  
 47  44  23  21  39  
 27  33  40  10  21  
 08  48  32  15  17  
 42  11  32  13  18  
 15  08  50  09  13  
 07  16  33  34  46  
 11  44  38  51  45  
 37  51  06  13  52  
 46  11  01  35  53  
 05  14  11  51  22  
 11  09  05  17  46  
 28  39  22  32  33  
 35  12  09  51  41  
 29  23  40  45  37  
 41  01  21  32  28  
 19  38  11  25  50  
 40  23  52  46  07  
 20  17  10  23  45  
 40  09  27  53  13  
 48  18  46  03  10  
 33  22  49  30  08  
 04  48  15  10  51  
 12  15  18  52  27  
 48  21  41  27  25  
 50  21  28  18  49  
 10  15  09  18  29  
 44  11  34  47  37  
 16  44  40  10  11  
 41  29  20  16  11  
 05  32  48  47  43  
 33  32  34  11  23  
 49  32  09  18  33  
 37  49  21  51  26  
 50  21  27  38  23  
 11  22  24  09  43  
 10  07  37  04  30  
 47  22  23  26  44  
 44  33  29  38  24  
 39  29  32  53  45  
 07  11  31  24  02  
 30  01  29  25  45  
 38  01  53  11  06  
 16  53  41  07  06  
 17  13  50  35  45  
 30  09  22  06  16  
 44  28  36  38  03  
 16  35  47  36  28  
 47  49  53  03  19  
 45  50  48  04  29  
 31  15  46  25  36  
 33  34  26  05  06  
 14  43  45  21  29  
 18  22  33  40  38  
 48  43  45  11  35  
 20  27  48  40  30  
 40  51  44  11  17  
 49  50  15  52  24  
 41  46  11  17  01  
 22  42  05  36  20  
 17  45  46  05  14  
 10  48  47  03  01  
 50  19  44  05  06  
 32  35  29  13  02  
 35  16  37  28  33  
 41  11  40  48  25  
 37  06  34  14  40  
 14  36  31  02  27  
 28  17  01  50  08  
 36  25  49  46  34  
 28  04  02  33  52  
 46  15  26  25  13  
 44  45  33  51  31  
 35  06  30  45  39  
 32  01  50  30  37  
 40  27  39  16  03  
 35  40  42  33  31  
 04  10  43  18  11  
 10  33  05  51  29  
 16  34  09  08  48  
 37  11  26  22  51  
 47  31  14  35  45  
 40  04  39  19  50  
 52  29  02  03  13  
 42  38  46  31  03  
 23  45  50  20  36  
 09  49  24  45  50  
 17  44  23  16  26  
 41  34  30  25  18  
 03  30  08  47  12  
 47  45  02  31  29  
 17  47  09  32  41  
 16  20  09  12  39  
 02  37  36  48  09  
 16  18  48  39  26  
 06  52  48  43  20  
 31  50  37  01  33  
 41  05  42  39  26  
 26  06  12  29  05  
 01  16  32  39  30  
 38  10  31  03  35  
 01  49  42  36  07  
 31  14  41  37  15  
 01  26  46  27  43  
 42  45  11  31  35  
 37  03  43  09  17  
 21  25  16  09  32  
 01  34  47  10  39  
 27  34  52  49  42  
 02  44  35  13  22  
 11  08  51  42  34  
 41  04  42  34  29  
 38  22  01  20  06  
 02  48  30  09  47  
 07  37  02  35  16  
 43  07  26  06  32  
 15  31  39  34  50  
 30  17  02  15  34  
 39  47  43  20  18  
 44  14  24  27  02  
 24  15  20  43  07  
 50  44  11  48  45  
 10  41  22  20  49  
 49  46  17  51  09  
 23  11  17  53  05  
 25  52  53  06  26  
 04  47  17  11  05  
 22  26  53  48  15  
 50  36  24  04  44  
 25  10  35  43  24  
 05  50  52  16  28  
 46  39  31  35  34  
 17  07  32  25  12  
 37  06  03  27  41  
 17  13  08  39  48  
 01  38  37  05  53  
 17  45  41  34  13  
 48  32  09  45  08  
 44  33  12  50  40  
 13  02  27  19  50  
 44  04  18  14  07  
 42  04  22  05  41  
 05  07  28  18  35  
 17  34  32  16  43  
 01  44  06  34  31  
 48  24  12  25  20  
 43  15  18  21  19  
 17  25  44  19  26  
 40  04  17  26  37  
 24  45  21  41  37  
 37  01  43  10  35  
 39  14  43  51  36  
 16  01  03  41  37  
 45  09  12  29  17  
 36  42  26  16  47  
 20  08  22  32  52  
 22  11  07  19  20  
 05  24  52  38  08  
 20  38  27  06  39  
 34  19  37  47  16  
 22  34  19  08  53  
 06  17  48  45  47  
 53  27  25  03  28  
 35  22  25  34  33  
 29  06  39  52  09  
 11  32  45  14  21  
 06  25  07  08  01  
 08  13  29  44  48  
 50  05  04  21  19  
 48  20  09  41  30  
 28  47  19  20  17  
 13  33  11  31  28  
 32  02  19  34  24  
 32  28  06  19  10  
 03  33  30  17  29  
 41  15  06  20  18  
 19  09  06  24  40  
 35  49  41  36  09  
 31  46  36  42  24  
 39  50  51  46  01  
 35  22  46  48  08  
 15  20  42  37  13  
 44  26  48  35  31  
 25  40  18  23  26  
 48  11  14  26  31  
 41  42  17  40  46  
 26  31  49  22  18  
 09  34  30  10  32  
 51  37  34  16  04  
 34  48  29  14  30  
 30  18  49  28  27  
 50  51  06  16  52  
 19  26  21  31  51  
 17  49  05  25  37  
 26  17  24  45  16  
 44  14  07  41  09  
 43  05  35  50  26  
 27  15  19  44  36  
 19  45  21  20  46  
 12  42  50  40  26  
 44  46  16  12  43  
 27  17  11  40  26  
 26  53  24  14  02  
 46  26  52  10  30  
 17  06  16  19  38  
 49  10  48  42  50  
 41  32  30  04  35  
 18  42  13  05  50  
 34  52  45  20  33  
 01  02  06  20  10  
 13  35  18  51  34  
 14  40  39  47  21  
 32  13  17  33  07  
 36  11  13  05  22  
 51  14  23  15  31  
 48  10  18  40  46  
 39  50  41  25  04  
 17  52  27  35  28  
 38  51  06  28  35  
 46  14  49  07  23  
 47  17  50  12  35  
 25  02  17  09  36  
 52  28  10  40  31  
 29  05  31  49  47  
 19  37  47  51  40  
 45  52  41  30  12  
 24  44  52  25  05  
 20  45  01  21  05  
 37  28  44  02  24  
 28  07  06  27  41  
 34  27  23  31  10  
 10  02  09  06  05  
 16  11  44  17  06  
 29  01  42  38  26  
 49  07  12  19  47  
 21  23  13  20  02  
 02  07  48  09  05  
 11  02  39  21  16  
 12  53  30  27  10  
 10  15  51  12  49  
 40  30  20  28  43  
 34  04  52  48  17  
 17  42  44  30  04  
 09  46  48  45  51  
 44  16  22  46  26  
 11  39  01  40  37  
 42  43  34  53  18  
 50  02  15  38  43  
 53  14  05  16  29  
 39  34  52  05  22  
 52  50  14  33  02  
 42  44  24  17  08  
 06  14  22  12  33  
 17  27  32  03  48  
 35  13  20  21  40  
 19  01  04  21  29  
 01  25  40  53  20  
 49  21  15  19  16  
 14  22  44  21  29  
 40  51  32  33  35  
 50  18  23  38  31  
 53  38  30  40  36  
 09  19  17  12  11  
 34  35  15  32  08  
 09  23  41  19  16  
 33  14  12  39  27  
 18  30  02  14  31  
 04  42  18  25  20  
 08  31  24  37  11  
 23  49  46  52  26  
 09  38  43  10  42  
 22  14  39  43  19  
 04  05  43  02  38  
 24  22  12  35  31  
 49  36  23  12  01  
 45  11  28  40  03  
 44  42  06  27  32  
 14  05  40  26  31  
 06  03  39  26  48  
 24  12  19  34  06  
 26  15  18  36  31  
 14  22  12  29  41  
 38  36  30  24  37  
 24  18  45  05  10  
 48  01  47  06  43  
 46  33  03  42  26  
 19  04  33  16  41  
 11  16  21  35  27  
 13  40  35  47  46  
 34  24  33  13  19  
 02  04  34  22  06  
 17  05  44  22  02  
 16  19  34  37  22  
 13  03  02  26  06  
 25  10  40  11  45  
 22  49  42  03  37  
 31  43  37  45  26  
 02  39  27  09  36  
 07  19  38  48  49  
 45  04  35  33  36  
 09  24  17  23  06  
 16  37  01  48  26  
 04  07  03  11  01  
 16  42  08  07  43  
 49  39  27  13  18  
 48  46  26  42  37  
 18  01  21  36  47  
 17  27  02  06  19  
 49  28  18  35  31  
 29  09  42  33  30  
 20  05  22  34  23  
 25  02  32  31  18  
 30  33  37  36  49  
 03  36  15  16  40  
 11  06  34  25  28  
 12  06  09  20  07  
 48  03  26  32  45  
 12  18  01  33  09  
 13  01  16  43  33  
 40  27  34  44  42  
 02  23  36  03  22  
 38  16  22  33  32  
 29  17  12  07  48  
 22  16  30  15  35  
 14  36  08  29  17  
 29  13  08  16  19  
 35  43  15  40  46  
 39  02  10  48  01  
 04  20  30  49  25  
 45  16  38  37  10  
 04  28  27  49  33  
 02  49  12  38  44  
 30  38  05  15  07  
 06  25  46  22  36  
 02  06  19  45  01  
 15  21  38  19  08  
 19  08  09  25  22  
 31  42  19  45  32  
 43  33  38  10  02  
 30  35  21  17  36  
 28  10  34  24  35  
 27  45  19  43  12  
 07  21  15  09  40  
 05  14  22  30  15  
 14  47  32  18  30  
 21  35  49  41  23  
 24  34  31  47  40  
 13  41  19  22  47  
 39  07  40  42  43  
 07  08  32  17  14  
 36  46  23  44  42  
 45  10  43  27  15  
 19  39  23  41  08  
 27  33  14  24  34  
 35  43  36  20  26  
 11  22  13  08  37  
 35  43  47  20  04  
 35  17  48  31  26  
 14  09  08  13  21  
 48  46  41  06  38  
 48  24  05  15  18  
 27  37  42  12  10  
 31  28  38  41  27  
 07  35  27  01  10  
 17  28  30  04  40  
 07  13  33  38  16  
 25  04  17  02  06  
 14  37  06  49  36  
 02  18  16  40  35  
 17  28  10  01  45  
 27  06  15  42  24  
 40  16  47  07  33  
 46  07  40  05  29  
 37  40  41  46  48  
 08  16  01  07  19  
 31  21  09  05  01  
 23  35  20  02  49  
 15  02  29  47  21  
 35  18  30  26  44  
 27  42  39  34  23  
 31  28  21  41  26  
 33  43  28  49  19  
 47  25  39  13  35  
 12  28  13  48  06  
 14  42  18  33  24  
 27  07  30  44  24  
 35  09  49  04  32  
 17  08  42  22  47  
 02  36  39  30  28  
 22  14  03  20  48  
 37  40  44  29  43  
 14  41  11  25  20  
 37  25  41  10  02  
 16  26  46  24  20  
 39  26  24  34  25  
 33  36  04  23  45  
 37  16  29  39  23  
 19  27  20  15  03  
 09  04  31  26  49  
 27  15  01  13  41  
 16  24  26  10  18  
 09  34  22  46  03  
 30  25  03  28  26  
 33  03  06  34  39  
 07  13  16  03  35  
 42  38  40  06  35  
 05  09  49  18  14  
 44  17  13  02  45  
 41  09  32  36  34  
 37  23  42  43  20  
 10  40  45  20  21  
 10  45  48  26  17  
 12  36  28  43  11  
 09  10  40  24  21  
 34  21  49  32  19  
 49  47  10  06  21  
 28  20  44  13  12  
 11  36  28  16  29  
 49  22  14  19  09  
 07  20  45  09  19  
 42  02  36  19  30  
 01  20  11  39  34  
 39  28  14  29  26  
 24  38  05  25  30  
 06  18  11  20  44  
 03  16  30  08  29  
 21  04  41  32  39  
 37  20  41  31  18  
 05  43  16  12  13  
 11  39  41  27  37  
 27  43  31  12  04  
 02  28  37  40  49  
 13  18  14  20  21  
 36  16  18  15  20  
 42  22  27  49  12  
 30  19  12  26  33  
 32  09  23  45  40  
 44  36  23  09  08  
 03  47  46  09  01  
 41  30  49  34  29  
 32  04  10  39  45  
 31  39  22  41  04  
 41  29  05  42  18  
 46  16  41  38  47  
 07  06  33  31  04  
 29  27  44  21  41  
 27  15  21  47  37  
 45  19  41  32  08  
 39  49  31  34  42  
 36  25  11  01  29  
 48  16  31  09  28  
 42  19  23  14  29  
 23  22  35  06  09  
 22  43  01  24  39  
 29  09  49  19  38  
 46  38  29  23  26  
 24  15  32  22  39  
 27  06  11  15  22  
 04  31  34  07  41  
 26  34  02  33  39  
 06  19  38  10  43  
 14  41  10  08  42  
 20  15  45  07  23  
 22  14  38  41  11  
 29  01  20  27  04  
 37  02  39  38  42  
 44  18  05  40  47  
 27  31  41  03  32  
 26  12  46  32  41  
 21  38  12  04  46  
 37  49  17  45  13  
 34  05  22  42  09  
 10  29  14  04  39  
 37  32  06  11  47  
 45  05  46  03  20  
 24  45  13  19  44  
 17  42  21  43  28  
 16  22  18  41  14  
 32  44  45  26  41  
 04  07  39  34  27  
 24  16  48  34  03  
 24  19  32  44  43  
 24  47  44  32  42  
 35  01  17  36  27  
 17  45  23  33  21  
 19  47  01  40  49  
 21  02  22  47  13  
 18  42  14  29  20  
 28  06  04  12  42  
 05  26  22  14  20  
 25  29  36  46  04  
 40  43  27  22  16  
 43  28  47  20  40  
 17  36  23  10  13  
 44  16  15  47  27  
 46  47  31  06  38  
 18  28  19  11  17  
 32  38  28  13  33  
 12  42  49  33  27  
 38  24  26  11  41  
 03  37  20  22  44  
 12  02  33  15  41  
 36  05  08  18  38  
 21  05  08  49  46  
 09  10  48  06  26  
 10  02  39  34  07  
 32  18  10  14  33  
 42  14  22  13  32  
 27  24  30  13  45  
 49  13  26  27  02  
 43  01  28  27  24  
 25  15  47  44  06  
 23  21  42  32  34  
 47  02  32  40  16  
 46  45  19  39  49  
 31  37  13  14  15  
 22  15  42  43  16  
 30  29  02  44  22  
 07  47  19  43  46  
 40  05  48  17  44  
 17  20  49  16  28  
 38  01  42  27  03  
 31  47  20  18  08  
 39  04  27  29  41  
 05  48  41  34  13  
 12  14  35  26  36  
 37  24  10  05  17  
 48  03  09  05  42  
 08  20  49  09  03  
 28  26  48  40  15  
 31  20  04  25  06  
 33  04  48  12  09  
 06  11  18  08  39  
 04  03  29  38  13  
 40  12  32  37  49  
 06  48  43  30  45  
 41  03  12  46  30  
 30  43  46  12  39  
 19  44  15  38  14  
 23  11  31  02  28  
 36  17  14  11  25  
 06  43  08  48  03  
 22  30  38  21  29  
 49  09  07  23  37  
 32  12  20  16  26  
 45  24  14  23  48  
 31  10  12  09  41  
 45  37  44  21  24  
 40  36  49  05  29  
 44  11  41  34  06  
 16  06  10  12  29  
 28  08  32  06  47  
 46  43  18  25  30  
 41  32  04  34  16  
 12  37  31  35  44  
 40  01  06  21  33  
 32  09  44  38  41  
 28  07  35  40  48  
 15  05  16  28  32  
 36  13  23  09  45  
 43  11  16  03  14  
 19  39  29  06  44  
 43  23  42  13  11  
 43  03  02  25  15  
 35  33  47  19  32  
 47  10  06  31  48  
 34  13  44  40  47  
 38  25  36  22  05  
 32  14  47  20  03  
 16  24  38  28  03  
 43  02  15  04  37  
 05  06  18  44  42  
 27  20  11  48  43  
 26  13  32  16  34  
 43  40  19  13  31  
 08  05  12  40  25  
 07  03  08  01  26  
 26  41  33  37  10  
 31  24  20  39  17  
 32  15  12  37  27  
 02  20  19  29  16  
 05  40  18  22  12  
 23  15  44  38  43  
 20  08  43  39  27  
 07  06  38  42  15  
 48  35  15  12  25  
 29  46  11  41  22  
 33  41  36  32  15  
 08  33  38  35  47  
 02  46  26  34  08  
 37  12  01  42  48  
 37  04  32  42  33  
 08  43  22  39  15  
 23  22  34  26  14  
 09  37  39  36  32  
 38  39  25  14  18  
 45  11  13  21  34  
 17  45  28  42  02  
 08  05  26  41  09  
 06  39  05  45  01  
 05  07  43  12  10  
 42  49  45  01  44  
 24  33  35  04  18  
 45  18  43  46  26  
 22  25  31  23  32  
 04  23  45  47  33  
 26  13  31  04  29  
 37  40  36  30  48  
 25  32  06  29  01  
 35  17  07  44  37  
 41  03  06  37  17  
 01  07  08  37  21  
 05  20  40  10  12  
 22  15  38  47  08  
 15  12  23  17  49  
 46  02  23  38  27  
 02  04  38  14  08  
 28  26  35  45  17  
 32  35  07  48  38  
 49  08  37  02  16  
 48  24  04  20  46  
 43  36  35  05  45  
 36  26  34  29  37  
 36  18  06  43  15  
 24  35  04  41  09  
 04  38  24  27  30  
 05  12  40  38  04  
 25  47  34  28  30  
 07  40  09  31  26  
 20  09  27  07  26  
 42  05  12  18  07  
 03  48  45  01  35  
 03  11  45  41  32  
 18  40  25  43  15  
 25  10  40  19  12  
 03  34  45  42  24  
 26  05  37  39  31  
 01  04  10  17  30  
 16  03  15  39  28  
 12  45  13  05  48  
 19  20  27  07  26  
 20  41  04  40  22  
 09  15  31  40  37  
 11  49  08  42  44  
 34  26  49  14  01  
 25  42  19  13  20  
 01  44  42  12  08  
 30  13  46  20  32  
 46  15  40  29  08  
 16  39  24  06  15  
 36  25  21  22  10  
 18  04  35  27  09  
 31  42  10  27  20  
 25  48  39  15  32  
 39  42  26  20  30  
 19  40  25  24  45  
 20  23  04  44  02  
 03  49  30  19  26  
 12  02  40  19  48  
 02  40  28  15  20  
 31  15  33  47  43  
 27  05  10  11  32  
 16  44  02  09  13  
 23  26  39  04  17  
 38  34  46  20  10  
 17  27  29  07  41  
 45  29  31  39  46  
 05  15  45  17  03  
 03  32  19  27  08  
 29  40  16  12  26  
 40  12  43  48  33  
 31  19  09  27  20  
 45  29  36  04  22  
 11  04  43  06  02  
 06  33  48  13  10  
 15  14  21  01  35  
 21  25  33  39  46  
 41  35  10  16  03  
 48  36  14  25  10  
 05  33  10  13  30  
 17  02  36  08  30  
 17  42  33  37  34  
 44  24  35  09  08  
 12  25  17  10  40  
 24  27  22  44  39  
 44  48  47  32  28  
 26  14  18  32  15  
 01  19  08  28  45  
 15  08  26  09  06  
 05  25  32  14  22  
 02  08  03  12  36  
 25  24  05  03  02  
 01  21  42  22  05  
 41  35  19  37  01  
 40  35  06  24  42  
 19  28  33  16  35  
 42  46  12  04  19  
 26  49  10  16  08  
 28  29  44  40  21  
 13  18  14  29  31  
 06  32  46  23  42  
 21  22  11  07  49  
 08  23  43  15  46  
 37  12  49  27  30  
 10  42  33  02  45  
 45  42  05  09  33  
 42  35  19  12  03  
 04  25  20  44  01  
 39  08  43  45  49  
 23  14  03  21  17  
 30  49  01  23  22  
 10  40  14  08  33  
 16  21  36  23  11  
 10  12  01  06  38  
 19  05  16  34  29  
 39  25  38  15  30  
 03  17  29  35  47  
 07  10  31  30  36  
 27  18  16  30  13  
 49  27  26  31  09  
 36  35  07  37  14  
 21  23  06  08  03  
 12  36  38  19  04  
 24  42  26  16  28  
 31  22  25  41  35  
 03  45  29  24  14  
 46  27  15  33  02  
 15  16  35  46  01  
 09  30  48  34  04  
 22  01  41  28  23  
 02  36  13  30  18  
 08  49  34  29  26  
 20  47  45  44  11  
 49  03  37  19  14  
 25  46  08  47  30  
 35  05  38  07  20  
 13  04  49  29  31  
 22  24  45  19  30  
 41  25  08  24  39  
 49  48  05  36  15  
 03  24  30  49  10  
 08  03  23  46  43  
 47  33  11  34  12  
 27  44  33  38  30  
 42  44  35  23  05  
 38  34  04  35  47  
 04  41  39  02  33  
 15  47  35  34  42  
 02  17  36  24  05  
 32  36  42  30  21  
 39  30  19  03  33  
 49  26  04  45  41  
 30  43  02  20  46  
 22  47  29  39  09  
 01  33  28  29  21  
 41  23  05  39  07  
 37  34  33  25  35  
 40  12  15  05  27  
 30  25  12  08  21  
 13  36  48  07  11  
 23  48  36  15  31  
 07  23  15  28  36  
 31  32  23  01  26  
 28  09  49  38  29  
 16  09  06  28  38  
 17  09  07  44  20  
 18  04  30  37  03  
 04  09  27  07  32  
 27  14  06  04  05  
 14  48  15  36  09  
 28  16  35  34  03  
 23  11  12  17  10  
 03  05  45  18  13  
 44  41  46  35  05  
 18  21  28  41  04  
 15  26  28  08  43  
 18  09  14  47  42  
 11  27  13  02  31  
 15  46  34  23  40  
 22  31  03  07  14  
 19  10  48  03  21  
 32  07  45  21  26  
 41  14  13  29  16  
 40  17  21  07  49  
 02  19  35  24  28  
 37  28  33  22  25  
